(kicad_pcb (version 20171130) (host pcbnew 5.1.10-88a1d61d58~90~ubuntu20.04.1)

  (general
    (thickness 1.6)
    (drawings 25)
    (tracks 248)
    (zones 0)
    (modules 65)
    (nets 52)
  )

  (page A4)
  (layers
    (0 F.Cu signal)
    (31 B.Cu signal)
    (32 B.Adhes user hide)
    (33 F.Adhes user hide)
    (34 B.Paste user hide)
    (35 F.Paste user hide)
    (36 B.SilkS user)
    (37 F.SilkS user)
    (38 B.Mask user hide)
    (39 F.Mask user hide)
    (40 Dwgs.User user)
    (41 Cmts.User user)
    (42 Eco1.User user hide)
    (43 Eco2.User user hide)
    (44 Edge.Cuts user)
    (45 Margin user hide)
    (46 B.CrtYd user hide)
    (47 F.CrtYd user hide)
    (48 B.Fab user hide)
    (49 F.Fab user)
  )

  (setup
    (last_trace_width 0.254)
    (user_trace_width 0.254)
    (trace_clearance 0.2)
    (zone_clearance 0.508)
    (zone_45_only no)
    (trace_min 0.254)
    (via_size 0.8)
    (via_drill 0.4)
    (via_min_size 0.4)
    (via_min_drill 0.3)
    (uvia_size 0.3)
    (uvia_drill 0.1)
    (uvias_allowed no)
    (uvia_min_size 0.2)
    (uvia_min_drill 0.1)
    (edge_width 0.05)
    (segment_width 0.2)
    (pcb_text_width 0.3)
    (pcb_text_size 1.5 1.5)
    (mod_edge_width 0.12)
    (mod_text_size 1 1)
    (mod_text_width 0.15)
    (pad_size 3.9878 3.9878)
    (pad_drill 3.9878)
    (pad_to_mask_clearance 0)
    (aux_axis_origin 0 0)
    (visible_elements FFFFFF7F)
    (pcbplotparams
      (layerselection 0x010f0_ffffffff)
      (usegerberextensions true)
      (usegerberattributes true)
      (usegerberadvancedattributes true)
      (creategerberjobfile false)
      (excludeedgelayer true)
      (linewidth 0.100000)
      (plotframeref false)
      (viasonmask false)
      (mode 1)
      (useauxorigin false)
      (hpglpennumber 1)
      (hpglpenspeed 20)
      (hpglpendiameter 15.000000)
      (psnegative false)
      (psa4output false)
      (plotreference true)
      (plotvalue true)
      (plotinvisibletext false)
      (padsonsilk false)
      (subtractmaskfromsilk true)
      (outputformat 1)
      (mirror false)
      (drillshape 0)
      (scaleselection 1)
      (outputdirectory "/home/tim/Documents/kicad/knuckle-pad/gerbers/"))
  )

  (net 0 "")
  (net 1 "Net-(U1-Pad24)")
  (net 2 "Net-(U1-Pad20)")
  (net 3 "Net-(U1-Pad1)")
  (net 4 row0)
  (net 5 "Net-(D1-Pad2)")
  (net 6 row1)
  (net 7 "Net-(D2-Pad2)")
  (net 8 row2)
  (net 9 "Net-(D3-Pad2)")
  (net 10 row3)
  (net 11 "Net-(D4-Pad2)")
  (net 12 row4)
  (net 13 "Net-(D5-Pad2)")
  (net 14 "Net-(D6-Pad2)")
  (net 15 "Net-(D7-Pad2)")
  (net 16 "Net-(D8-Pad2)")
  (net 17 "Net-(D9-Pad2)")
  (net 18 "Net-(D10-Pad2)")
  (net 19 "Net-(D11-Pad2)")
  (net 20 "Net-(D12-Pad2)")
  (net 21 "Net-(D13-Pad2)")
  (net 22 "Net-(D14-Pad2)")
  (net 23 "Net-(D15-Pad2)")
  (net 24 "Net-(D16-Pad2)")
  (net 25 "Net-(D17-Pad2)")
  (net 26 "Net-(D18-Pad2)")
  (net 27 "Net-(D19-Pad2)")
  (net 28 "Net-(D20-Pad2)")
  (net 29 "Net-(D21-Pad2)")
  (net 30 "Net-(D22-Pad2)")
  (net 31 "Net-(D23-Pad2)")
  (net 32 "Net-(D24-Pad2)")
  (net 33 "Net-(D25-Pad2)")
  (net 34 "Net-(D26-Pad2)")
  (net 35 "Net-(D27-Pad2)")
  (net 36 "Net-(D28-Pad2)")
  (net 37 "Net-(D29-Pad2)")
  (net 38 col0)
  (net 39 col1)
  (net 40 col2)
  (net 41 col3)
  (net 42 col4)
  (net 43 col5)
  (net 44 RST)
  (net 45 GND)
  (net 46 VCC)
  (net 47 "Net-(U1-Pad2)")
  (net 48 "Net-(U1-Pad16)")
  (net 49 "Net-(U1-Pad19)")
  (net 50 "Net-(U1-Pad18)")
  (net 51 "Net-(U1-Pad17)")

  (net_class Default "This is the default net class."
    (clearance 0.2)
    (trace_width 0.254)
    (via_dia 0.8)
    (via_drill 0.4)
    (uvia_dia 0.3)
    (uvia_drill 0.1)
    (diff_pair_width 0.254)
    (diff_pair_gap 0.25)
    (add_net GND)
    (add_net "Net-(D1-Pad2)")
    (add_net "Net-(D10-Pad2)")
    (add_net "Net-(D11-Pad2)")
    (add_net "Net-(D12-Pad2)")
    (add_net "Net-(D13-Pad2)")
    (add_net "Net-(D14-Pad2)")
    (add_net "Net-(D15-Pad2)")
    (add_net "Net-(D16-Pad2)")
    (add_net "Net-(D17-Pad2)")
    (add_net "Net-(D18-Pad2)")
    (add_net "Net-(D19-Pad2)")
    (add_net "Net-(D2-Pad2)")
    (add_net "Net-(D20-Pad2)")
    (add_net "Net-(D21-Pad2)")
    (add_net "Net-(D22-Pad2)")
    (add_net "Net-(D23-Pad2)")
    (add_net "Net-(D24-Pad2)")
    (add_net "Net-(D25-Pad2)")
    (add_net "Net-(D26-Pad2)")
    (add_net "Net-(D27-Pad2)")
    (add_net "Net-(D28-Pad2)")
    (add_net "Net-(D29-Pad2)")
    (add_net "Net-(D3-Pad2)")
    (add_net "Net-(D4-Pad2)")
    (add_net "Net-(D5-Pad2)")
    (add_net "Net-(D6-Pad2)")
    (add_net "Net-(D7-Pad2)")
    (add_net "Net-(D8-Pad2)")
    (add_net "Net-(D9-Pad2)")
    (add_net "Net-(U1-Pad1)")
    (add_net "Net-(U1-Pad16)")
    (add_net "Net-(U1-Pad17)")
    (add_net "Net-(U1-Pad18)")
    (add_net "Net-(U1-Pad19)")
    (add_net "Net-(U1-Pad2)")
    (add_net "Net-(U1-Pad20)")
    (add_net "Net-(U1-Pad24)")
    (add_net RST)
    (add_net VCC)
    (add_net col0)
    (add_net col1)
    (add_net col2)
    (add_net col3)
    (add_net col4)
    (add_net col5)
    (add_net row0)
    (add_net row1)
    (add_net row2)
    (add_net row3)
    (add_net row4)
  )

  (module used_footprints:M2_HOLE_PCB (layer F.Cu) (tedit 60466559) (tstamp 611F91E7)
    (at 103.9495 91.186)
    (path /61218AFC)
    (fp_text reference H4 (at 0 2.7) (layer F.SilkS) hide
      (effects (font (size 1 1) (thickness 0.15)))
    )
    (fp_text value MountingHole (at 0 -2.6) (layer F.Fab)
      (effects (font (size 1 1) (thickness 0.15)))
    )
    (pad "" thru_hole circle (at 0 0) (size 4 4) (drill 2.2) (layers *.Cu *.Mask))
  )

  (module acheron_Components:D_THT_7.62mm (layer B.Cu) (tedit 5D377025) (tstamp 611F91D3)
    (at 187.198 130.302 60)
    (descr "Diode, DO-35_SOD27 series, Axial, Horizontal, pin pitch=7.62mm, , length*diameter=4*2mm^2, , http://www.diodes.com/_files/packages/DO-35.pdf")
    (tags "Diode DO-35_SOD27 series Axial Horizontal pin pitch 7.62mm  length 4mm diameter 2mm")
    (path /613AEDDB)
    (fp_text reference D29 (at 0.127 -0.127 60) (layer B.Fab)
      (effects (font (size 0.508 0.508) (thickness 0.0762)) (justify mirror))
    )
    (fp_text value D_Small (at 0 -2.12 60) (layer B.Fab)
      (effects (font (size 1 1) (thickness 0.15)) (justify mirror))
    )
    (fp_circle (center 3.81 0) (end 4.734574 0) (layer B.Fab) (width 0.127))
    (fp_line (start -4.699 -0.635) (end -4.699 0.635) (layer B.Fab) (width 0.127))
    (fp_line (start -3.175 -0.889) (end -4.445 -0.889) (layer B.Fab) (width 0.127))
    (fp_line (start -2.921 0.635) (end -2.921 -0.635) (layer B.Fab) (width 0.127))
    (fp_line (start -4.445 0.889) (end -3.175 0.889) (layer B.Fab) (width 0.127))
    (fp_circle (center 3.81 0) (end 4.699 -0.254) (layer B.SilkS) (width 0.127))
    (fp_line (start -4.699 -0.635) (end -4.699 0.635) (layer B.SilkS) (width 0.127))
    (fp_line (start -3.175 -0.889) (end -4.445 -0.889) (layer B.SilkS) (width 0.127))
    (fp_line (start -2.921 0.635) (end -2.921 -0.635) (layer B.SilkS) (width 0.127))
    (fp_line (start -4.445 0.889) (end -3.175 0.889) (layer B.SilkS) (width 0.127))
    (fp_line (start 4.86 1.25) (end -4.86 1.25) (layer B.CrtYd) (width 0.05))
    (fp_line (start 4.86 -1.25) (end 4.86 1.25) (layer B.CrtYd) (width 0.05))
    (fp_line (start -4.86 -1.25) (end 4.86 -1.25) (layer B.CrtYd) (width 0.05))
    (fp_line (start -4.86 1.25) (end -4.86 -1.25) (layer B.CrtYd) (width 0.05))
    (fp_line (start -1.52 1.12) (end -1.52 -1.12) (layer B.SilkS) (width 0.12))
    (fp_line (start -1.28 1.12) (end -1.28 -1.12) (layer B.SilkS) (width 0.12))
    (fp_line (start -1.4 1.12) (end -1.4 -1.12) (layer B.SilkS) (width 0.12))
    (fp_line (start 2.8702 0) (end 2.159 0) (layer B.SilkS) (width 0.12))
    (fp_line (start -2.921 0) (end -2.12 0) (layer B.SilkS) (width 0.12))
    (fp_line (start 2.12 1.12) (end -2.12 1.12) (layer B.SilkS) (width 0.12))
    (fp_line (start 2.12 -1.12) (end 2.12 1.12) (layer B.SilkS) (width 0.12))
    (fp_line (start -2.12 -1.12) (end 2.12 -1.12) (layer B.SilkS) (width 0.12))
    (fp_line (start -2.12 1.12) (end -2.12 -1.12) (layer B.SilkS) (width 0.12))
    (fp_line (start -1.5 1) (end -1.5 -1) (layer B.Fab) (width 0.1))
    (fp_line (start -1.3 1) (end -1.3 -1) (layer B.Fab) (width 0.1))
    (fp_line (start -1.4 1) (end -1.4 -1) (layer B.Fab) (width 0.1))
    (fp_line (start 2.885426 0) (end 2 0) (layer B.Fab) (width 0.1))
    (fp_line (start -2.921 0) (end -2 0) (layer B.Fab) (width 0.1))
    (fp_line (start 2 1) (end -2 1) (layer B.Fab) (width 0.1))
    (fp_line (start 2 -1) (end 2 1) (layer B.Fab) (width 0.1))
    (fp_line (start -2 -1) (end 2 -1) (layer B.Fab) (width 0.1))
    (fp_line (start -2 1) (end -2 -1) (layer B.Fab) (width 0.1))
    (fp_arc (start -4.445 0.635) (end -4.445 0.889) (angle 90) (layer B.Fab) (width 0.127))
    (fp_arc (start -4.445 -0.635) (end -4.699 -0.635) (angle 90) (layer B.Fab) (width 0.127))
    (fp_arc (start -3.175 -0.635) (end -3.175 -0.889) (angle 90) (layer B.Fab) (width 0.127))
    (fp_arc (start -3.175 0.635) (end -2.921 0.635) (angle 90) (layer B.Fab) (width 0.127))
    (fp_text user A (at 5.5 0 60) (layer B.Fab)
      (effects (font (size 1 1) (thickness 0.15)) (justify mirror))
    )
    (fp_text user K (at -5.5 0 60) (layer B.Fab)
      (effects (font (size 1 1) (thickness 0.15)) (justify mirror))
    )
    (fp_arc (start -4.445 -0.635) (end -4.699 -0.635) (angle 90) (layer B.SilkS) (width 0.127))
    (fp_arc (start -3.175 -0.635) (end -3.175 -0.889) (angle 90) (layer B.SilkS) (width 0.127))
    (fp_arc (start -3.175 0.635) (end -2.921 0.635) (angle 90) (layer B.SilkS) (width 0.127))
    (fp_arc (start -4.445 0.635) (end -4.445 0.889) (angle 90) (layer B.SilkS) (width 0.127))
    (pad 2 thru_hole oval (at 3.81 0 60) (size 1.6 1.6) (drill 0.8) (layers *.Cu *.Mask)
      (net 37 "Net-(D29-Pad2)"))
    (pad 1 thru_hole roundrect (at -3.81 0 60) (size 1.6 1.6) (drill 0.8) (layers *.Cu *.Mask) (roundrect_rratio 0.1)
      (net 12 row4))
    (model ${KISYS3DMOD}/Diode_THT.3dshapes/D_DO-35_SOD27_P7.62mm_Horizontal.wrl
      (offset (xyz -3.809999942779541 0 0))
      (scale (xyz 1 1 1))
      (rotate (xyz 0 0 0))
    )
  )

  (module acheron_Components:D_THT_7.62mm (layer B.Cu) (tedit 5D377025) (tstamp 611F91B9)
    (at 181.483 101.854 90)
    (descr "Diode, DO-35_SOD27 series, Axial, Horizontal, pin pitch=7.62mm, , length*diameter=4*2mm^2, , http://www.diodes.com/_files/packages/DO-35.pdf")
    (tags "Diode DO-35_SOD27 series Axial Horizontal pin pitch 7.62mm  length 4mm diameter 2mm")
    (path /6139FEA7)
    (fp_text reference D28 (at 0.127 -0.127 90) (layer B.Fab)
      (effects (font (size 0.508 0.508) (thickness 0.0762)) (justify mirror))
    )
    (fp_text value D_Small (at 0 -2.12 90) (layer B.Fab)
      (effects (font (size 1 1) (thickness 0.15)) (justify mirror))
    )
    (fp_circle (center 3.81 0) (end 4.734574 0) (layer B.Fab) (width 0.127))
    (fp_line (start -4.699 -0.635) (end -4.699 0.635) (layer B.Fab) (width 0.127))
    (fp_line (start -3.175 -0.889) (end -4.445 -0.889) (layer B.Fab) (width 0.127))
    (fp_line (start -2.921 0.635) (end -2.921 -0.635) (layer B.Fab) (width 0.127))
    (fp_line (start -4.445 0.889) (end -3.175 0.889) (layer B.Fab) (width 0.127))
    (fp_circle (center 3.81 0) (end 4.699 -0.254) (layer B.SilkS) (width 0.127))
    (fp_line (start -4.699 -0.635) (end -4.699 0.635) (layer B.SilkS) (width 0.127))
    (fp_line (start -3.175 -0.889) (end -4.445 -0.889) (layer B.SilkS) (width 0.127))
    (fp_line (start -2.921 0.635) (end -2.921 -0.635) (layer B.SilkS) (width 0.127))
    (fp_line (start -4.445 0.889) (end -3.175 0.889) (layer B.SilkS) (width 0.127))
    (fp_line (start 4.86 1.25) (end -4.86 1.25) (layer B.CrtYd) (width 0.05))
    (fp_line (start 4.86 -1.25) (end 4.86 1.25) (layer B.CrtYd) (width 0.05))
    (fp_line (start -4.86 -1.25) (end 4.86 -1.25) (layer B.CrtYd) (width 0.05))
    (fp_line (start -4.86 1.25) (end -4.86 -1.25) (layer B.CrtYd) (width 0.05))
    (fp_line (start -1.52 1.12) (end -1.52 -1.12) (layer B.SilkS) (width 0.12))
    (fp_line (start -1.28 1.12) (end -1.28 -1.12) (layer B.SilkS) (width 0.12))
    (fp_line (start -1.4 1.12) (end -1.4 -1.12) (layer B.SilkS) (width 0.12))
    (fp_line (start 2.8702 0) (end 2.159 0) (layer B.SilkS) (width 0.12))
    (fp_line (start -2.921 0) (end -2.12 0) (layer B.SilkS) (width 0.12))
    (fp_line (start 2.12 1.12) (end -2.12 1.12) (layer B.SilkS) (width 0.12))
    (fp_line (start 2.12 -1.12) (end 2.12 1.12) (layer B.SilkS) (width 0.12))
    (fp_line (start -2.12 -1.12) (end 2.12 -1.12) (layer B.SilkS) (width 0.12))
    (fp_line (start -2.12 1.12) (end -2.12 -1.12) (layer B.SilkS) (width 0.12))
    (fp_line (start -1.5 1) (end -1.5 -1) (layer B.Fab) (width 0.1))
    (fp_line (start -1.3 1) (end -1.3 -1) (layer B.Fab) (width 0.1))
    (fp_line (start -1.4 1) (end -1.4 -1) (layer B.Fab) (width 0.1))
    (fp_line (start 2.885426 0) (end 2 0) (layer B.Fab) (width 0.1))
    (fp_line (start -2.921 0) (end -2 0) (layer B.Fab) (width 0.1))
    (fp_line (start 2 1) (end -2 1) (layer B.Fab) (width 0.1))
    (fp_line (start 2 -1) (end 2 1) (layer B.Fab) (width 0.1))
    (fp_line (start -2 -1) (end 2 -1) (layer B.Fab) (width 0.1))
    (fp_line (start -2 1) (end -2 -1) (layer B.Fab) (width 0.1))
    (fp_arc (start -4.445 0.635) (end -4.445 0.889) (angle 90) (layer B.Fab) (width 0.127))
    (fp_arc (start -4.445 -0.635) (end -4.699 -0.635) (angle 90) (layer B.Fab) (width 0.127))
    (fp_arc (start -3.175 -0.635) (end -3.175 -0.889) (angle 90) (layer B.Fab) (width 0.127))
    (fp_arc (start -3.175 0.635) (end -2.921 0.635) (angle 90) (layer B.Fab) (width 0.127))
    (fp_text user A (at 5.5 0 90) (layer B.Fab)
      (effects (font (size 1 1) (thickness 0.15)) (justify mirror))
    )
    (fp_text user K (at -5.5 0 90) (layer B.Fab)
      (effects (font (size 1 1) (thickness 0.15)) (justify mirror))
    )
    (fp_arc (start -4.445 -0.635) (end -4.699 -0.635) (angle 90) (layer B.SilkS) (width 0.127))
    (fp_arc (start -3.175 -0.635) (end -3.175 -0.889) (angle 90) (layer B.SilkS) (width 0.127))
    (fp_arc (start -3.175 0.635) (end -2.921 0.635) (angle 90) (layer B.SilkS) (width 0.127))
    (fp_arc (start -4.445 0.635) (end -4.445 0.889) (angle 90) (layer B.SilkS) (width 0.127))
    (pad 2 thru_hole oval (at 3.81 0 90) (size 1.6 1.6) (drill 0.8) (layers *.Cu *.Mask)
      (net 36 "Net-(D28-Pad2)"))
    (pad 1 thru_hole roundrect (at -3.81 0 90) (size 1.6 1.6) (drill 0.8) (layers *.Cu *.Mask) (roundrect_rratio 0.1)
      (net 10 row3))
    (model ${KISYS3DMOD}/Diode_THT.3dshapes/D_DO-35_SOD27_P7.62mm_Horizontal.wrl
      (offset (xyz -3.809999942779541 0 0))
      (scale (xyz 1 1 1))
      (rotate (xyz 0 0 0))
    )
  )

  (module acheron_Components:D_THT_7.62mm (layer B.Cu) (tedit 5D377025) (tstamp 611F919F)
    (at 181.483 82.804 90)
    (descr "Diode, DO-35_SOD27 series, Axial, Horizontal, pin pitch=7.62mm, , length*diameter=4*2mm^2, , http://www.diodes.com/_files/packages/DO-35.pdf")
    (tags "Diode DO-35_SOD27 series Axial Horizontal pin pitch 7.62mm  length 4mm diameter 2mm")
    (path /6138D01A)
    (fp_text reference D27 (at 0.127 -0.127 90) (layer B.Fab)
      (effects (font (size 0.508 0.508) (thickness 0.0762)) (justify mirror))
    )
    (fp_text value D_Small (at 0 -2.12 90) (layer B.Fab)
      (effects (font (size 1 1) (thickness 0.15)) (justify mirror))
    )
    (fp_circle (center 3.81 0) (end 4.734574 0) (layer B.Fab) (width 0.127))
    (fp_line (start -4.699 -0.635) (end -4.699 0.635) (layer B.Fab) (width 0.127))
    (fp_line (start -3.175 -0.889) (end -4.445 -0.889) (layer B.Fab) (width 0.127))
    (fp_line (start -2.921 0.635) (end -2.921 -0.635) (layer B.Fab) (width 0.127))
    (fp_line (start -4.445 0.889) (end -3.175 0.889) (layer B.Fab) (width 0.127))
    (fp_circle (center 3.81 0) (end 4.699 -0.254) (layer B.SilkS) (width 0.127))
    (fp_line (start -4.699 -0.635) (end -4.699 0.635) (layer B.SilkS) (width 0.127))
    (fp_line (start -3.175 -0.889) (end -4.445 -0.889) (layer B.SilkS) (width 0.127))
    (fp_line (start -2.921 0.635) (end -2.921 -0.635) (layer B.SilkS) (width 0.127))
    (fp_line (start -4.445 0.889) (end -3.175 0.889) (layer B.SilkS) (width 0.127))
    (fp_line (start 4.86 1.25) (end -4.86 1.25) (layer B.CrtYd) (width 0.05))
    (fp_line (start 4.86 -1.25) (end 4.86 1.25) (layer B.CrtYd) (width 0.05))
    (fp_line (start -4.86 -1.25) (end 4.86 -1.25) (layer B.CrtYd) (width 0.05))
    (fp_line (start -4.86 1.25) (end -4.86 -1.25) (layer B.CrtYd) (width 0.05))
    (fp_line (start -1.52 1.12) (end -1.52 -1.12) (layer B.SilkS) (width 0.12))
    (fp_line (start -1.28 1.12) (end -1.28 -1.12) (layer B.SilkS) (width 0.12))
    (fp_line (start -1.4 1.12) (end -1.4 -1.12) (layer B.SilkS) (width 0.12))
    (fp_line (start 2.8702 0) (end 2.159 0) (layer B.SilkS) (width 0.12))
    (fp_line (start -2.921 0) (end -2.12 0) (layer B.SilkS) (width 0.12))
    (fp_line (start 2.12 1.12) (end -2.12 1.12) (layer B.SilkS) (width 0.12))
    (fp_line (start 2.12 -1.12) (end 2.12 1.12) (layer B.SilkS) (width 0.12))
    (fp_line (start -2.12 -1.12) (end 2.12 -1.12) (layer B.SilkS) (width 0.12))
    (fp_line (start -2.12 1.12) (end -2.12 -1.12) (layer B.SilkS) (width 0.12))
    (fp_line (start -1.5 1) (end -1.5 -1) (layer B.Fab) (width 0.1))
    (fp_line (start -1.3 1) (end -1.3 -1) (layer B.Fab) (width 0.1))
    (fp_line (start -1.4 1) (end -1.4 -1) (layer B.Fab) (width 0.1))
    (fp_line (start 2.885426 0) (end 2 0) (layer B.Fab) (width 0.1))
    (fp_line (start -2.921 0) (end -2 0) (layer B.Fab) (width 0.1))
    (fp_line (start 2 1) (end -2 1) (layer B.Fab) (width 0.1))
    (fp_line (start 2 -1) (end 2 1) (layer B.Fab) (width 0.1))
    (fp_line (start -2 -1) (end 2 -1) (layer B.Fab) (width 0.1))
    (fp_line (start -2 1) (end -2 -1) (layer B.Fab) (width 0.1))
    (fp_arc (start -4.445 0.635) (end -4.445 0.889) (angle 90) (layer B.Fab) (width 0.127))
    (fp_arc (start -4.445 -0.635) (end -4.699 -0.635) (angle 90) (layer B.Fab) (width 0.127))
    (fp_arc (start -3.175 -0.635) (end -3.175 -0.889) (angle 90) (layer B.Fab) (width 0.127))
    (fp_arc (start -3.175 0.635) (end -2.921 0.635) (angle 90) (layer B.Fab) (width 0.127))
    (fp_text user A (at 5.5 0 90) (layer B.Fab)
      (effects (font (size 1 1) (thickness 0.15)) (justify mirror))
    )
    (fp_text user K (at -5.5 0 90) (layer B.Fab)
      (effects (font (size 1 1) (thickness 0.15)) (justify mirror))
    )
    (fp_arc (start -4.445 -0.635) (end -4.699 -0.635) (angle 90) (layer B.SilkS) (width 0.127))
    (fp_arc (start -3.175 -0.635) (end -3.175 -0.889) (angle 90) (layer B.SilkS) (width 0.127))
    (fp_arc (start -3.175 0.635) (end -2.921 0.635) (angle 90) (layer B.SilkS) (width 0.127))
    (fp_arc (start -4.445 0.635) (end -4.445 0.889) (angle 90) (layer B.SilkS) (width 0.127))
    (pad 2 thru_hole oval (at 3.81 0 90) (size 1.6 1.6) (drill 0.8) (layers *.Cu *.Mask)
      (net 35 "Net-(D27-Pad2)"))
    (pad 1 thru_hole roundrect (at -3.81 0 90) (size 1.6 1.6) (drill 0.8) (layers *.Cu *.Mask) (roundrect_rratio 0.1)
      (net 8 row2))
    (model ${KISYS3DMOD}/Diode_THT.3dshapes/D_DO-35_SOD27_P7.62mm_Horizontal.wrl
      (offset (xyz -3.809999942779541 0 0))
      (scale (xyz 1 1 1))
      (rotate (xyz 0 0 0))
    )
  )

  (module acheron_Components:D_THT_7.62mm (layer B.Cu) (tedit 5D377025) (tstamp 611F9185)
    (at 181.483 63.754 90)
    (descr "Diode, DO-35_SOD27 series, Axial, Horizontal, pin pitch=7.62mm, , length*diameter=4*2mm^2, , http://www.diodes.com/_files/packages/DO-35.pdf")
    (tags "Diode DO-35_SOD27 series Axial Horizontal pin pitch 7.62mm  length 4mm diameter 2mm")
    (path /6138AEE2)
    (fp_text reference D26 (at 0.127 -0.127 90) (layer B.Fab)
      (effects (font (size 0.508 0.508) (thickness 0.0762)) (justify mirror))
    )
    (fp_text value D_Small (at 0 -2.12 90) (layer B.Fab)
      (effects (font (size 1 1) (thickness 0.15)) (justify mirror))
    )
    (fp_circle (center 3.81 0) (end 4.734574 0) (layer B.Fab) (width 0.127))
    (fp_line (start -4.699 -0.635) (end -4.699 0.635) (layer B.Fab) (width 0.127))
    (fp_line (start -3.175 -0.889) (end -4.445 -0.889) (layer B.Fab) (width 0.127))
    (fp_line (start -2.921 0.635) (end -2.921 -0.635) (layer B.Fab) (width 0.127))
    (fp_line (start -4.445 0.889) (end -3.175 0.889) (layer B.Fab) (width 0.127))
    (fp_circle (center 3.81 0) (end 4.699 -0.254) (layer B.SilkS) (width 0.127))
    (fp_line (start -4.699 -0.635) (end -4.699 0.635) (layer B.SilkS) (width 0.127))
    (fp_line (start -3.175 -0.889) (end -4.445 -0.889) (layer B.SilkS) (width 0.127))
    (fp_line (start -2.921 0.635) (end -2.921 -0.635) (layer B.SilkS) (width 0.127))
    (fp_line (start -4.445 0.889) (end -3.175 0.889) (layer B.SilkS) (width 0.127))
    (fp_line (start 4.86 1.25) (end -4.86 1.25) (layer B.CrtYd) (width 0.05))
    (fp_line (start 4.86 -1.25) (end 4.86 1.25) (layer B.CrtYd) (width 0.05))
    (fp_line (start -4.86 -1.25) (end 4.86 -1.25) (layer B.CrtYd) (width 0.05))
    (fp_line (start -4.86 1.25) (end -4.86 -1.25) (layer B.CrtYd) (width 0.05))
    (fp_line (start -1.52 1.12) (end -1.52 -1.12) (layer B.SilkS) (width 0.12))
    (fp_line (start -1.28 1.12) (end -1.28 -1.12) (layer B.SilkS) (width 0.12))
    (fp_line (start -1.4 1.12) (end -1.4 -1.12) (layer B.SilkS) (width 0.12))
    (fp_line (start 2.8702 0) (end 2.159 0) (layer B.SilkS) (width 0.12))
    (fp_line (start -2.921 0) (end -2.12 0) (layer B.SilkS) (width 0.12))
    (fp_line (start 2.12 1.12) (end -2.12 1.12) (layer B.SilkS) (width 0.12))
    (fp_line (start 2.12 -1.12) (end 2.12 1.12) (layer B.SilkS) (width 0.12))
    (fp_line (start -2.12 -1.12) (end 2.12 -1.12) (layer B.SilkS) (width 0.12))
    (fp_line (start -2.12 1.12) (end -2.12 -1.12) (layer B.SilkS) (width 0.12))
    (fp_line (start -1.5 1) (end -1.5 -1) (layer B.Fab) (width 0.1))
    (fp_line (start -1.3 1) (end -1.3 -1) (layer B.Fab) (width 0.1))
    (fp_line (start -1.4 1) (end -1.4 -1) (layer B.Fab) (width 0.1))
    (fp_line (start 2.885426 0) (end 2 0) (layer B.Fab) (width 0.1))
    (fp_line (start -2.921 0) (end -2 0) (layer B.Fab) (width 0.1))
    (fp_line (start 2 1) (end -2 1) (layer B.Fab) (width 0.1))
    (fp_line (start 2 -1) (end 2 1) (layer B.Fab) (width 0.1))
    (fp_line (start -2 -1) (end 2 -1) (layer B.Fab) (width 0.1))
    (fp_line (start -2 1) (end -2 -1) (layer B.Fab) (width 0.1))
    (fp_arc (start -4.445 0.635) (end -4.445 0.889) (angle 90) (layer B.Fab) (width 0.127))
    (fp_arc (start -4.445 -0.635) (end -4.699 -0.635) (angle 90) (layer B.Fab) (width 0.127))
    (fp_arc (start -3.175 -0.635) (end -3.175 -0.889) (angle 90) (layer B.Fab) (width 0.127))
    (fp_arc (start -3.175 0.635) (end -2.921 0.635) (angle 90) (layer B.Fab) (width 0.127))
    (fp_text user A (at 5.5 0 90) (layer B.Fab)
      (effects (font (size 1 1) (thickness 0.15)) (justify mirror))
    )
    (fp_text user K (at -5.5 0 90) (layer B.Fab)
      (effects (font (size 1 1) (thickness 0.15)) (justify mirror))
    )
    (fp_arc (start -4.445 -0.635) (end -4.699 -0.635) (angle 90) (layer B.SilkS) (width 0.127))
    (fp_arc (start -3.175 -0.635) (end -3.175 -0.889) (angle 90) (layer B.SilkS) (width 0.127))
    (fp_arc (start -3.175 0.635) (end -2.921 0.635) (angle 90) (layer B.SilkS) (width 0.127))
    (fp_arc (start -4.445 0.635) (end -4.445 0.889) (angle 90) (layer B.SilkS) (width 0.127))
    (pad 2 thru_hole oval (at 3.81 0 90) (size 1.6 1.6) (drill 0.8) (layers *.Cu *.Mask)
      (net 34 "Net-(D26-Pad2)"))
    (pad 1 thru_hole roundrect (at -3.81 0 90) (size 1.6 1.6) (drill 0.8) (layers *.Cu *.Mask) (roundrect_rratio 0.1)
      (net 6 row1))
    (model ${KISYS3DMOD}/Diode_THT.3dshapes/D_DO-35_SOD27_P7.62mm_Horizontal.wrl
      (offset (xyz -3.809999942779541 0 0))
      (scale (xyz 1 1 1))
      (rotate (xyz 0 0 0))
    )
  )

  (module acheron_Components:D_THT_7.62mm (layer B.Cu) (tedit 5D377025) (tstamp 611F916B)
    (at 181.483 44.704 90)
    (descr "Diode, DO-35_SOD27 series, Axial, Horizontal, pin pitch=7.62mm, , length*diameter=4*2mm^2, , http://www.diodes.com/_files/packages/DO-35.pdf")
    (tags "Diode DO-35_SOD27 series Axial Horizontal pin pitch 7.62mm  length 4mm diameter 2mm")
    (path /61387126)
    (fp_text reference D25 (at 0.127 -0.127 90) (layer B.Fab)
      (effects (font (size 0.508 0.508) (thickness 0.0762)) (justify mirror))
    )
    (fp_text value D_Small (at 0 -2.12 90) (layer B.Fab)
      (effects (font (size 1 1) (thickness 0.15)) (justify mirror))
    )
    (fp_circle (center 3.81 0) (end 4.734574 0) (layer B.Fab) (width 0.127))
    (fp_line (start -4.699 -0.635) (end -4.699 0.635) (layer B.Fab) (width 0.127))
    (fp_line (start -3.175 -0.889) (end -4.445 -0.889) (layer B.Fab) (width 0.127))
    (fp_line (start -2.921 0.635) (end -2.921 -0.635) (layer B.Fab) (width 0.127))
    (fp_line (start -4.445 0.889) (end -3.175 0.889) (layer B.Fab) (width 0.127))
    (fp_circle (center 3.81 0) (end 4.699 -0.254) (layer B.SilkS) (width 0.127))
    (fp_line (start -4.699 -0.635) (end -4.699 0.635) (layer B.SilkS) (width 0.127))
    (fp_line (start -3.175 -0.889) (end -4.445 -0.889) (layer B.SilkS) (width 0.127))
    (fp_line (start -2.921 0.635) (end -2.921 -0.635) (layer B.SilkS) (width 0.127))
    (fp_line (start -4.445 0.889) (end -3.175 0.889) (layer B.SilkS) (width 0.127))
    (fp_line (start 4.86 1.25) (end -4.86 1.25) (layer B.CrtYd) (width 0.05))
    (fp_line (start 4.86 -1.25) (end 4.86 1.25) (layer B.CrtYd) (width 0.05))
    (fp_line (start -4.86 -1.25) (end 4.86 -1.25) (layer B.CrtYd) (width 0.05))
    (fp_line (start -4.86 1.25) (end -4.86 -1.25) (layer B.CrtYd) (width 0.05))
    (fp_line (start -1.52 1.12) (end -1.52 -1.12) (layer B.SilkS) (width 0.12))
    (fp_line (start -1.28 1.12) (end -1.28 -1.12) (layer B.SilkS) (width 0.12))
    (fp_line (start -1.4 1.12) (end -1.4 -1.12) (layer B.SilkS) (width 0.12))
    (fp_line (start 2.8702 0) (end 2.159 0) (layer B.SilkS) (width 0.12))
    (fp_line (start -2.921 0) (end -2.12 0) (layer B.SilkS) (width 0.12))
    (fp_line (start 2.12 1.12) (end -2.12 1.12) (layer B.SilkS) (width 0.12))
    (fp_line (start 2.12 -1.12) (end 2.12 1.12) (layer B.SilkS) (width 0.12))
    (fp_line (start -2.12 -1.12) (end 2.12 -1.12) (layer B.SilkS) (width 0.12))
    (fp_line (start -2.12 1.12) (end -2.12 -1.12) (layer B.SilkS) (width 0.12))
    (fp_line (start -1.5 1) (end -1.5 -1) (layer B.Fab) (width 0.1))
    (fp_line (start -1.3 1) (end -1.3 -1) (layer B.Fab) (width 0.1))
    (fp_line (start -1.4 1) (end -1.4 -1) (layer B.Fab) (width 0.1))
    (fp_line (start 2.885426 0) (end 2 0) (layer B.Fab) (width 0.1))
    (fp_line (start -2.921 0) (end -2 0) (layer B.Fab) (width 0.1))
    (fp_line (start 2 1) (end -2 1) (layer B.Fab) (width 0.1))
    (fp_line (start 2 -1) (end 2 1) (layer B.Fab) (width 0.1))
    (fp_line (start -2 -1) (end 2 -1) (layer B.Fab) (width 0.1))
    (fp_line (start -2 1) (end -2 -1) (layer B.Fab) (width 0.1))
    (fp_arc (start -4.445 0.635) (end -4.445 0.889) (angle 90) (layer B.Fab) (width 0.127))
    (fp_arc (start -4.445 -0.635) (end -4.699 -0.635) (angle 90) (layer B.Fab) (width 0.127))
    (fp_arc (start -3.175 -0.635) (end -3.175 -0.889) (angle 90) (layer B.Fab) (width 0.127))
    (fp_arc (start -3.175 0.635) (end -2.921 0.635) (angle 90) (layer B.Fab) (width 0.127))
    (fp_text user A (at 5.5 0 90) (layer B.Fab)
      (effects (font (size 1 1) (thickness 0.15)) (justify mirror))
    )
    (fp_text user K (at -5.5 0 90) (layer B.Fab)
      (effects (font (size 1 1) (thickness 0.15)) (justify mirror))
    )
    (fp_arc (start -4.445 -0.635) (end -4.699 -0.635) (angle 90) (layer B.SilkS) (width 0.127))
    (fp_arc (start -3.175 -0.635) (end -3.175 -0.889) (angle 90) (layer B.SilkS) (width 0.127))
    (fp_arc (start -3.175 0.635) (end -2.921 0.635) (angle 90) (layer B.SilkS) (width 0.127))
    (fp_arc (start -4.445 0.635) (end -4.445 0.889) (angle 90) (layer B.SilkS) (width 0.127))
    (pad 2 thru_hole oval (at 3.81 0 90) (size 1.6 1.6) (drill 0.8) (layers *.Cu *.Mask)
      (net 33 "Net-(D25-Pad2)"))
    (pad 1 thru_hole roundrect (at -3.81 0 90) (size 1.6 1.6) (drill 0.8) (layers *.Cu *.Mask) (roundrect_rratio 0.1)
      (net 4 row0))
    (model ${KISYS3DMOD}/Diode_THT.3dshapes/D_DO-35_SOD27_P7.62mm_Horizontal.wrl
      (offset (xyz -3.809999942779541 0 0))
      (scale (xyz 1 1 1))
      (rotate (xyz 0 0 0))
    )
  )

  (module acheron_Components:D_THT_7.62mm (layer B.Cu) (tedit 5D377025) (tstamp 611F9151)
    (at 165.608 125.222 80)
    (descr "Diode, DO-35_SOD27 series, Axial, Horizontal, pin pitch=7.62mm, , length*diameter=4*2mm^2, , http://www.diodes.com/_files/packages/DO-35.pdf")
    (tags "Diode DO-35_SOD27 series Axial Horizontal pin pitch 7.62mm  length 4mm diameter 2mm")
    (path /613AE75B)
    (fp_text reference D24 (at 0.127 -0.127 80) (layer B.Fab)
      (effects (font (size 0.508 0.508) (thickness 0.0762)) (justify mirror))
    )
    (fp_text value D_Small (at 0 -2.12 80) (layer B.Fab)
      (effects (font (size 1 1) (thickness 0.15)) (justify mirror))
    )
    (fp_circle (center 3.81 0) (end 4.734574 0) (layer B.Fab) (width 0.127))
    (fp_line (start -4.699 -0.635) (end -4.699 0.635) (layer B.Fab) (width 0.127))
    (fp_line (start -3.175 -0.889) (end -4.445 -0.889) (layer B.Fab) (width 0.127))
    (fp_line (start -2.921 0.635) (end -2.921 -0.635) (layer B.Fab) (width 0.127))
    (fp_line (start -4.445 0.889) (end -3.175 0.889) (layer B.Fab) (width 0.127))
    (fp_circle (center 3.81 0) (end 4.699 -0.254) (layer B.SilkS) (width 0.127))
    (fp_line (start -4.699 -0.635) (end -4.699 0.635) (layer B.SilkS) (width 0.127))
    (fp_line (start -3.175 -0.889) (end -4.445 -0.889) (layer B.SilkS) (width 0.127))
    (fp_line (start -2.921 0.635) (end -2.921 -0.635) (layer B.SilkS) (width 0.127))
    (fp_line (start -4.445 0.889) (end -3.175 0.889) (layer B.SilkS) (width 0.127))
    (fp_line (start 4.86 1.25) (end -4.86 1.25) (layer B.CrtYd) (width 0.05))
    (fp_line (start 4.86 -1.25) (end 4.86 1.25) (layer B.CrtYd) (width 0.05))
    (fp_line (start -4.86 -1.25) (end 4.86 -1.25) (layer B.CrtYd) (width 0.05))
    (fp_line (start -4.86 1.25) (end -4.86 -1.25) (layer B.CrtYd) (width 0.05))
    (fp_line (start -1.52 1.12) (end -1.52 -1.12) (layer B.SilkS) (width 0.12))
    (fp_line (start -1.28 1.12) (end -1.28 -1.12) (layer B.SilkS) (width 0.12))
    (fp_line (start -1.4 1.12) (end -1.4 -1.12) (layer B.SilkS) (width 0.12))
    (fp_line (start 2.8702 0) (end 2.159 0) (layer B.SilkS) (width 0.12))
    (fp_line (start -2.921 0) (end -2.12 0) (layer B.SilkS) (width 0.12))
    (fp_line (start 2.12 1.12) (end -2.12 1.12) (layer B.SilkS) (width 0.12))
    (fp_line (start 2.12 -1.12) (end 2.12 1.12) (layer B.SilkS) (width 0.12))
    (fp_line (start -2.12 -1.12) (end 2.12 -1.12) (layer B.SilkS) (width 0.12))
    (fp_line (start -2.12 1.12) (end -2.12 -1.12) (layer B.SilkS) (width 0.12))
    (fp_line (start -1.5 1) (end -1.5 -1) (layer B.Fab) (width 0.1))
    (fp_line (start -1.3 1) (end -1.3 -1) (layer B.Fab) (width 0.1))
    (fp_line (start -1.4 1) (end -1.4 -1) (layer B.Fab) (width 0.1))
    (fp_line (start 2.885426 0) (end 2 0) (layer B.Fab) (width 0.1))
    (fp_line (start -2.921 0) (end -2 0) (layer B.Fab) (width 0.1))
    (fp_line (start 2 1) (end -2 1) (layer B.Fab) (width 0.1))
    (fp_line (start 2 -1) (end 2 1) (layer B.Fab) (width 0.1))
    (fp_line (start -2 -1) (end 2 -1) (layer B.Fab) (width 0.1))
    (fp_line (start -2 1) (end -2 -1) (layer B.Fab) (width 0.1))
    (fp_arc (start -4.445 0.635) (end -4.445 0.889) (angle 90) (layer B.Fab) (width 0.127))
    (fp_arc (start -4.445 -0.635) (end -4.699 -0.635) (angle 90) (layer B.Fab) (width 0.127))
    (fp_arc (start -3.175 -0.635) (end -3.175 -0.889) (angle 90) (layer B.Fab) (width 0.127))
    (fp_arc (start -3.175 0.635) (end -2.921 0.635) (angle 90) (layer B.Fab) (width 0.127))
    (fp_text user A (at 5.5 0 80) (layer B.Fab)
      (effects (font (size 1 1) (thickness 0.15)) (justify mirror))
    )
    (fp_text user K (at -5.5 0 80) (layer B.Fab)
      (effects (font (size 1 1) (thickness 0.15)) (justify mirror))
    )
    (fp_arc (start -4.445 -0.635) (end -4.699 -0.635) (angle 90) (layer B.SilkS) (width 0.127))
    (fp_arc (start -3.175 -0.635) (end -3.175 -0.889) (angle 90) (layer B.SilkS) (width 0.127))
    (fp_arc (start -3.175 0.635) (end -2.921 0.635) (angle 90) (layer B.SilkS) (width 0.127))
    (fp_arc (start -4.445 0.635) (end -4.445 0.889) (angle 90) (layer B.SilkS) (width 0.127))
    (pad 2 thru_hole oval (at 3.81 0 80) (size 1.6 1.6) (drill 0.8) (layers *.Cu *.Mask)
      (net 32 "Net-(D24-Pad2)"))
    (pad 1 thru_hole roundrect (at -3.81 0 80) (size 1.6 1.6) (drill 0.8) (layers *.Cu *.Mask) (roundrect_rratio 0.1)
      (net 12 row4))
    (model ${KISYS3DMOD}/Diode_THT.3dshapes/D_DO-35_SOD27_P7.62mm_Horizontal.wrl
      (offset (xyz -3.809999942779541 0 0))
      (scale (xyz 1 1 1))
      (rotate (xyz 0 0 0))
    )
  )

  (module acheron_Components:D_THT_7.62mm (layer B.Cu) (tedit 5D377025) (tstamp 611F9137)
    (at 163.703 101.854 90)
    (descr "Diode, DO-35_SOD27 series, Axial, Horizontal, pin pitch=7.62mm, , length*diameter=4*2mm^2, , http://www.diodes.com/_files/packages/DO-35.pdf")
    (tags "Diode DO-35_SOD27 series Axial Horizontal pin pitch 7.62mm  length 4mm diameter 2mm")
    (path /6139FE9B)
    (fp_text reference D23 (at 0.127 -0.127 90) (layer B.Fab)
      (effects (font (size 0.508 0.508) (thickness 0.0762)) (justify mirror))
    )
    (fp_text value D_Small (at 0 -2.12 90) (layer B.Fab)
      (effects (font (size 1 1) (thickness 0.15)) (justify mirror))
    )
    (fp_line (start -2 1) (end -2 -1) (layer B.Fab) (width 0.1))
    (fp_line (start -2 -1) (end 2 -1) (layer B.Fab) (width 0.1))
    (fp_line (start 2 -1) (end 2 1) (layer B.Fab) (width 0.1))
    (fp_line (start 2 1) (end -2 1) (layer B.Fab) (width 0.1))
    (fp_line (start -2.921 0) (end -2 0) (layer B.Fab) (width 0.1))
    (fp_line (start 2.885426 0) (end 2 0) (layer B.Fab) (width 0.1))
    (fp_line (start -1.4 1) (end -1.4 -1) (layer B.Fab) (width 0.1))
    (fp_line (start -1.3 1) (end -1.3 -1) (layer B.Fab) (width 0.1))
    (fp_line (start -1.5 1) (end -1.5 -1) (layer B.Fab) (width 0.1))
    (fp_line (start -2.12 1.12) (end -2.12 -1.12) (layer B.SilkS) (width 0.12))
    (fp_line (start -2.12 -1.12) (end 2.12 -1.12) (layer B.SilkS) (width 0.12))
    (fp_line (start 2.12 -1.12) (end 2.12 1.12) (layer B.SilkS) (width 0.12))
    (fp_line (start 2.12 1.12) (end -2.12 1.12) (layer B.SilkS) (width 0.12))
    (fp_line (start -2.921 0) (end -2.12 0) (layer B.SilkS) (width 0.12))
    (fp_line (start 2.8702 0) (end 2.159 0) (layer B.SilkS) (width 0.12))
    (fp_line (start -1.4 1.12) (end -1.4 -1.12) (layer B.SilkS) (width 0.12))
    (fp_line (start -1.28 1.12) (end -1.28 -1.12) (layer B.SilkS) (width 0.12))
    (fp_line (start -1.52 1.12) (end -1.52 -1.12) (layer B.SilkS) (width 0.12))
    (fp_line (start -4.86 1.25) (end -4.86 -1.25) (layer B.CrtYd) (width 0.05))
    (fp_line (start -4.86 -1.25) (end 4.86 -1.25) (layer B.CrtYd) (width 0.05))
    (fp_line (start 4.86 -1.25) (end 4.86 1.25) (layer B.CrtYd) (width 0.05))
    (fp_line (start 4.86 1.25) (end -4.86 1.25) (layer B.CrtYd) (width 0.05))
    (fp_line (start -4.445 0.889) (end -3.175 0.889) (layer B.SilkS) (width 0.127))
    (fp_line (start -2.921 0.635) (end -2.921 -0.635) (layer B.SilkS) (width 0.127))
    (fp_line (start -3.175 -0.889) (end -4.445 -0.889) (layer B.SilkS) (width 0.127))
    (fp_line (start -4.699 -0.635) (end -4.699 0.635) (layer B.SilkS) (width 0.127))
    (fp_circle (center 3.81 0) (end 4.699 -0.254) (layer B.SilkS) (width 0.127))
    (fp_line (start -4.445 0.889) (end -3.175 0.889) (layer B.Fab) (width 0.127))
    (fp_line (start -2.921 0.635) (end -2.921 -0.635) (layer B.Fab) (width 0.127))
    (fp_line (start -3.175 -0.889) (end -4.445 -0.889) (layer B.Fab) (width 0.127))
    (fp_line (start -4.699 -0.635) (end -4.699 0.635) (layer B.Fab) (width 0.127))
    (fp_circle (center 3.81 0) (end 4.734574 0) (layer B.Fab) (width 0.127))
    (fp_arc (start -4.445 0.635) (end -4.445 0.889) (angle 90) (layer B.SilkS) (width 0.127))
    (fp_arc (start -3.175 0.635) (end -2.921 0.635) (angle 90) (layer B.SilkS) (width 0.127))
    (fp_arc (start -3.175 -0.635) (end -3.175 -0.889) (angle 90) (layer B.SilkS) (width 0.127))
    (fp_arc (start -4.445 -0.635) (end -4.699 -0.635) (angle 90) (layer B.SilkS) (width 0.127))
    (fp_text user K (at -5.5 0 90) (layer B.Fab)
      (effects (font (size 1 1) (thickness 0.15)) (justify mirror))
    )
    (fp_text user A (at 5.5 0 90) (layer B.Fab)
      (effects (font (size 1 1) (thickness 0.15)) (justify mirror))
    )
    (fp_arc (start -3.175 0.635) (end -2.921 0.635) (angle 90) (layer B.Fab) (width 0.127))
    (fp_arc (start -3.175 -0.635) (end -3.175 -0.889) (angle 90) (layer B.Fab) (width 0.127))
    (fp_arc (start -4.445 -0.635) (end -4.699 -0.635) (angle 90) (layer B.Fab) (width 0.127))
    (fp_arc (start -4.445 0.635) (end -4.445 0.889) (angle 90) (layer B.Fab) (width 0.127))
    (pad 1 thru_hole roundrect (at -3.81 0 90) (size 1.6 1.6) (drill 0.8) (layers *.Cu *.Mask) (roundrect_rratio 0.1)
      (net 10 row3))
    (pad 2 thru_hole oval (at 3.81 0 90) (size 1.6 1.6) (drill 0.8) (layers *.Cu *.Mask)
      (net 31 "Net-(D23-Pad2)"))
    (model ${KISYS3DMOD}/Diode_THT.3dshapes/D_DO-35_SOD27_P7.62mm_Horizontal.wrl
      (offset (xyz -3.809999942779541 0 0))
      (scale (xyz 1 1 1))
      (rotate (xyz 0 0 0))
    )
  )

  (module acheron_Components:D_THT_7.62mm (layer B.Cu) (tedit 5D377025) (tstamp 611F911D)
    (at 163.703 82.804 90)
    (descr "Diode, DO-35_SOD27 series, Axial, Horizontal, pin pitch=7.62mm, , length*diameter=4*2mm^2, , http://www.diodes.com/_files/packages/DO-35.pdf")
    (tags "Diode DO-35_SOD27 series Axial Horizontal pin pitch 7.62mm  length 4mm diameter 2mm")
    (path /6138D00E)
    (fp_text reference D22 (at 0.127 -0.127 90) (layer B.Fab)
      (effects (font (size 0.508 0.508) (thickness 0.0762)) (justify mirror))
    )
    (fp_text value D_Small (at 0 -2.12 90) (layer B.Fab)
      (effects (font (size 1 1) (thickness 0.15)) (justify mirror))
    )
    (fp_circle (center 3.81 0) (end 4.734574 0) (layer B.Fab) (width 0.127))
    (fp_line (start -4.699 -0.635) (end -4.699 0.635) (layer B.Fab) (width 0.127))
    (fp_line (start -3.175 -0.889) (end -4.445 -0.889) (layer B.Fab) (width 0.127))
    (fp_line (start -2.921 0.635) (end -2.921 -0.635) (layer B.Fab) (width 0.127))
    (fp_line (start -4.445 0.889) (end -3.175 0.889) (layer B.Fab) (width 0.127))
    (fp_circle (center 3.81 0) (end 4.699 -0.254) (layer B.SilkS) (width 0.127))
    (fp_line (start -4.699 -0.635) (end -4.699 0.635) (layer B.SilkS) (width 0.127))
    (fp_line (start -3.175 -0.889) (end -4.445 -0.889) (layer B.SilkS) (width 0.127))
    (fp_line (start -2.921 0.635) (end -2.921 -0.635) (layer B.SilkS) (width 0.127))
    (fp_line (start -4.445 0.889) (end -3.175 0.889) (layer B.SilkS) (width 0.127))
    (fp_line (start 4.86 1.25) (end -4.86 1.25) (layer B.CrtYd) (width 0.05))
    (fp_line (start 4.86 -1.25) (end 4.86 1.25) (layer B.CrtYd) (width 0.05))
    (fp_line (start -4.86 -1.25) (end 4.86 -1.25) (layer B.CrtYd) (width 0.05))
    (fp_line (start -4.86 1.25) (end -4.86 -1.25) (layer B.CrtYd) (width 0.05))
    (fp_line (start -1.52 1.12) (end -1.52 -1.12) (layer B.SilkS) (width 0.12))
    (fp_line (start -1.28 1.12) (end -1.28 -1.12) (layer B.SilkS) (width 0.12))
    (fp_line (start -1.4 1.12) (end -1.4 -1.12) (layer B.SilkS) (width 0.12))
    (fp_line (start 2.8702 0) (end 2.159 0) (layer B.SilkS) (width 0.12))
    (fp_line (start -2.921 0) (end -2.12 0) (layer B.SilkS) (width 0.12))
    (fp_line (start 2.12 1.12) (end -2.12 1.12) (layer B.SilkS) (width 0.12))
    (fp_line (start 2.12 -1.12) (end 2.12 1.12) (layer B.SilkS) (width 0.12))
    (fp_line (start -2.12 -1.12) (end 2.12 -1.12) (layer B.SilkS) (width 0.12))
    (fp_line (start -2.12 1.12) (end -2.12 -1.12) (layer B.SilkS) (width 0.12))
